0

1

3

3

4

5

6

7

9

16

87

99

0

1

3

3

4

5

6

7

9

16

87

99

0

1

3

3

4

5

6

7

9

16

87

99

0

1

3

3

4

5

6

7

9

16

87

99

0

1

3

3

4

5

6

7

9

16

87

99

0

1

3

3

4

5

6

7

9

16

87

99

0

1

3

3

4

5

6

7

9

16

87

99

0

1

3

3

4

5

6

7

9

16

87

99

0

1

3

3

4

5

6

7

9

16

87

99

0

1

3

3

4

5

6

7

9

16

87

99

0

1

3

3

4

5

6

7

9

16

87

99

0

1

3

3

4

5

6

7

9

16

87

99

0

1

3

3

4

5

6

7

9

16

87

99

0

1

3

3

4

5

6

7

9

16

87

99

0

1

3

3

4

5

6

7

9

16

87

99

0

1

3

3

4

5

6

7

9

16

87

99

0

1

3

3

4

5

6

7

9

16

87

99

0

1

3

3

4

5

6

7

9

16

87

99

0

1

3

3

4

5

6

7

9

16

87

99

0

1

3

3

4

5

6

7

9

16

87

99

0

1

3

3

4

5

6

7

9

16

87

99

0

1

3

3

4

5

6

7

9

16

87

99

0

1

3

3

4

5

6

7

9

16

87

99

0

1

3

3

4

5

6

7

9

16

87

99

